CENTRALIZED
NOISE_MULTIPLIER = 0 
    Loss: 2.413833831001739
    Accuracy: 98.21%
    Loss: 2.731654575691209
    Accuracy: 98.26%

NOISE_MULTIPLIER = 0.8
    Loss: 18.71059873397462
    Accuracy: 92.19000000000001%